196468
0
0
0
133
13
0
0
128
0
0
134
142
0
41
0
22341
268
0
0
346
32
17488
43
92
175
23
0
159
9
24
9
12861
11
93
5012
162
39
0
93
158
16
31
63
97
5330
103
0
4644
25
18888
51
63
34
65
19
41
14512
20
17
81
77
57
11
4457
5515
20
76
106
52
17
6692
42
71
11
65
58
42
23
16
7165
7058
104
69
37
67
3642
37
21
59
1412
24
30
1907
13
15
1089
2800
31
9
32
1604
1439
31
65
40
11
2950
26
16
16
10
1985
1399
19
4167
1621
21
38
4
35
2574
24
7
1246
24
24
22
2070
27
20
2007
35
8
19
473
594
1775
26
37
28
22
15
3123
1592
11
20
1866
27
8
469
766
30
21
4
16
10
496
315
13
2263
32
12
657
756
9
6
1671
34
11
1364
19
440
661
14
15
1312
19
2072
19
23
274
1337
11
23
13
562
354
25
18
25
9
1556
786
690
464
23
589
16
2
815
18
526
372
377
6
16
9
1866
19
381
16
9
464
498
195
15
914
12
11
17
9
1401
4
685
24
700
290
13
964
46
8
457
12
9
8
342
1081
7
3
1285
5
114
526
1083
13
17
14
345
198
196
12
508
5
20
8
377
791
454
6
541
13
516
501
275
11
377
6
440
7
0
289
1177
515
6
179
138
11
6
1059
11
6
6
290
246
9
249
3
1148
263
7
288
10
149
495
562
10
105
249
8
234
181
5
265
470
384
6
763
9
130
397
11
8
9
200
350
44
383
276
9
414
185
14
787
12
11
177
7
214
687
4
9
288
9
340
8
591
258
6
239
126
10
186
238
112
134
306
9
9
275
312
234
520
91
160
293
5
288
4
286
129
12
143
2
329
154
5
6
583
136
9
208
161
253
330
11
153
130
8
67
292
111
5
3
332
209
525
132
10
221
16
2
233
61
4
271
143
118
10
3
428
66
87
121
45
99
7
200
160
53
132
76
180
8
6
316
215
236
72
347
174
0
149
87
11
68
177
5
2
101
368
3
185
58
23
73
166
102
4
73
192
78
121
38
58
8
153
3
259
51
350
75
170
93
22
95
2
30
60
1
15
46
6
1
110
72
161
109
11
5
163
0
72
113
104
126
4
47
1
95
97
264
61
113
81
28
42
134
40
30
60
1
36
10
1261
5
232
273
52
26
253
62
334
12
13
405
5
4
188
322
12
27
424
8
30
388
467
9
13
21
1208
827
375
112
234
18
529
2451
617
266
29
1079
274
3
36
1
269
160
7
125
7
70
4
188
933
6
404
600
6
66
10
146
162
4
199
220
109
40
311
159
431
12
121
231
2
275
57
169
268
3
4
34
74
172
58
2
405
346
42
243
1
144
215
72
6
24
133
50
220
3
248
4
294
91
14
346
3
271
2
111
16
130
160
260
22
23
3
22
333
315
3
241
159
38
127
248
2
168
217
4
3
153
62
67
180
49
4
245
16
176
157
109
88
49
53
55
150
42
83
64
221
48
38
56
238
23
2
233
60
44
1
67
332
68
1
4
303
141
153
116
26
50
279
9
5
207
104
27
168
2
32
127
129
45
65
224
12
9
100
186
84
23
52
54
73
3
1
103
238
79
117
0
71
55
313
54
3
97
66
92
3
225
23
19
173
131
45
5
76
0
315
1
65
56
20
112
40
26
132
23
129
83
46
132
270
42
20
102
108
110
41
35
28
1
56
18
116
130
61
65
35
130
79
6
48
123
14
80
16
70
2
47
118
85
167
28
28
1
193
1
191
3
36
29
72
31
49
1
113
54
78
4
152
80
51
25
69
41
4
13
160
88
72
3
174
48
7
78
17
22
69
87
10
14
103
36
20
16
10
26
155
41
42
98
9
71
1
117
17
75
36
30
43
0
49
108
59
63
23
93
24
41
50
49
29
138
38
16
19
33
23
13
90
40
52
103
0
45
97
63
14
18
61
13
128
11
42
12
70
29
119
39
29
32
3
40
18
15
19
47
56
92
18
4
55
66
34
25
1
51
35
24
17
28
63
38
18
49
28
0
92
29
57
47
0
73
4
54
12
30
12
26
21
33
41
26
45
76
0
20
22
44
35
2
27
49
23
18
28
62
47
3
84
9
27
16
48
17
20
44
5
23
10
28
27
11
2
36
64
7
43
33
25
2
8
21
63
36
7
65
12
26
7
4
55
20
23
27
6
6
28
36
28
1
30
1
16
13
16
3
22
14
72
42
6
7
23
14
32
10
49
33
5
27
20
18
17
16
22
16
23
12
11
4
26
10
12
7
10
28
1
0
18
5
15
27
4
53
18
4
2
10
29
0
13
15
18
4
5
5
20
9
37
19
2
0
37
10
11
12
56
8
43
8
20
6
25
5
27
87
21
17
68
69
33
0
45
17
1
9
13
41
5
28
37
0
12
6
0
0
0
4
37
8
25
4
3
8
4
21
7
0
1
27
2
14
4
45
3
11
4
1
8
12
3
9
3
5
6
9
11
1
1
11
1
0
7
2
11
3
12
11
8
21
11
10
2
7
7
1
6
0
0
13
4
3
9
11
6
14
2
7
0
1
7
0
3
10
4
1
10
5
0
8
4
4
7
6
3
2
4
4
6
5
1
0
3
4
6
6
3
1
5
6
6
13
0
12
6
8
0
0
26
6
1
12
0
1
1
5
2
8
3
3
5
1
2
3
24
3
2
8
0
4
4
4
13
3
1
1
9
5
0
2
8
6
1
13
2
3
3
3
4
0
6
9
1
5
3
5
14
3
12
4
1
1
6
6
2
4
4
1
4
0
2
2
6
0
7
12
0
7
2
4
3
4
3
4
2
7
8
1
13
3
3
1
0
0
8
4
1
1
1
1
2
1
3
1
11
5
5
4
7
1
7
1
6
0
2
5
3
3
5
0
5
3
3
8
4
3
4
1
7
4
0
2
1
0
1
0
14
2
6
6
2
3
7
0
7
1
3
0
2
0
0
2
8
0
0
1
9
3
3
3
1
11
0
4
0
1
3
2
4
9
5
0
4
2
4
5
1
3
4
2
2
2
1
4
2
2
2
5
1
0
2
2
0
2
4
2
1
2
0
2
2
3
3
2
1
0
4
2
5
2
0
3
0
0
1
0
2
1
1
3
2
0
1
2
0
2
0
2
0
2
1
0
2
1
3
0
0
2
2
1
0
3
4
2
0
3
0
2
2
0
0
2
2
1
2
2
0
0
2
1
0
5
1
1
1
5
2
5
0
1
2
1
1
2
0
2
0
1
0
3
2
2
1
1
0
3
1
1
1
2
2
0
0
1
0
2
4
0
0
1
1
0
1
0
1
1
0
0
4
0
0
0
0
0
1
0
0
0
4
3
0
0
1
0
0
0
1
0
1
0
1
1
0
1
0
3
0
2
2
0
0
0
0
1
0
0
3
1
0
0
1
0
0
1
0
1
0
1
0
0
2
1
0
0
1
0
0
0
0
0
1
0
1
0
1
0
1
0
1
0
0
1
0
0
1
0
0
0
0
0
1
0
2
0
0
1
0
2
0
0
1
2
0
0
0
0
0
0
0
0
0
0
0
1
1
0
0
0
0
0
0
0
0
0
0
0
0
0
0
0
0
0
0
0
0
0
0
1
0
0
0
0
0
0
0
0
0
0
0
0
0
1
0
0
0
0
0
0
0
0
0
0
0
0
0
0
0
1
0
0
0
0
1
0
0
0
0
0
0
0
0
0
0
0
0
0
0
0
0
1
0
0
0
0
0
0
0
0
0
0
0
1
0
0
0
0
0
0
0
0
0
0
0
0
0
1
0
0
0
0
0
0
0
1
1
0
0
0
0
0
0
0
0
0
0
0
0
0
0
0
0
0
1
0
0
0
0
0
0
0
1
0
0
0
0
0
0
0
1
0
0
0
0
0
0
0
0
0
0
0
0
0
0
0
0
1
0
0
0
0
1
0
0
0
0
0
0
0
0
0
1
0
0
0
0
0
0
0
0
0
0
1
0
0
1
0
0
0
0
0
0
0
0
0
0
0
0
0
0
0
0
0
1
0
0
0
0
0
0
0
0
0
0
0
0
0
0
0
0
0
0
0
0
0
0
0
0
0
0
0
0
1
0
0
0
0
0
0
0
0
0
0
0
0
0
0
0
0
0
1
0
0
0
0
0
0
0
0
1
0
0
0
0
0
0
0
0
0
0
0
0
0
0
0
0
0
0
0
0
0
0
0
0
0
0
0
0
0
0
0
0
0
0
0
0
0
0
0
0
0
0
0
0
0
0
0
0
0
0
0
0
0
0
0
0
0
0
0
0
0
0
0
0
0
0
0
0
0
0
0
0
0
0
0
0
0
0
0
0
0
0
0
0
0
0
0
0
0
0
0
0
0
0
0
0
0
0
0
0
0
0
0
1